0 3455
1 2081
2 1372
3 3971
4 2509
5 57
6 4320
7 3390
8 2265
9 3108
10 2772
11 4439
12 2594
13 3874
14 3812
15 271
16 762
17 2221
18 490
19 3213
20 2458
21 0
22 1706
23 1649
24 326
25 597
26 3258
27 3120
28 3539
29 3025
30 3529
31 535
32 615
33 2054
34 2571
35 1099
36 3100
37 3305
38 2688
39 2696
40 4026
41 997
42 3940
43 2970
44 3894
45 3158
46 2514
47 2429
48 573
49 1748
50 2792
51 2763
52 2128
53 1015
54 4063
55 1067
56 72
57 4095
58 2997
59 1410
60 3583
61 3259
62 1636
63 1968
64 2663
65 1753
66 2184
67 3678
68 4455
69 2528
70 3293
71 1893
72 3106
73 2803
74 91
75 2744
76 4382
77 33
78 990
79 3820
80 2453
81 1044
82 147
83 2255
84 455
85 4127
86 132
87 2086
88 1028
89 2992
90 2080
91 2823
92 266
93 4184
94 2041
95 2660
96 2416
97 4175
98 1605
99 2511
100 3702
101 1550
102 3399
103 3257
104 3089
105 4261
106 2981
107 3153
108 4474
109 2276
110 3056
111 3788
112 4096
113 1321
114 810
115 4144
116 2597
117 1035
118 4231
119 4
120 1719
121 2318
122 2550
123 2841
124 776
125 2724
126 129
127 2434
128 2420
129 3362
130 1385
131 449
132 2060
133 2682
134 1578
135 3033
136 2091
137 3271
138 112
139 3596
140 1357
141 1062
142 2305
143 1254
144 2450
145 1452
146 2540
147 2245
148 3537
149 3420
150 2171
151 3612
152 4150
153 4165
154 3222
155 4003
156 1140
157 4434
158 304
159 3017
160 928
161 4101
162 1277
163 3511
164 2698
165 1489
166 88
167 3364
168 1463
169 2447
170 1620
171 3857
172 1406
173 1470
174 2042
175 2504
176 335
177 2956
178 3715
179 22
180 7
181 2747
182 1898
183 739
184 217
185 2984
186 3323
187 1013
188 3026
189 1837
190 2121
191 3884
192 3926
193 3398
194 185
195 1896
196 2161
197 610
198 2818
199 804
200 826
201 677
202 901
203 920
204 4085
205 3093
206 4487
207 1728
208 4470
209 3382
210 584
211 1763
212 3473
213 3064
214 1810
215 1863
216 3758
217 1260
218 1483
219 642
220 2880
221 4116
222 3723
223 2180
224 4359
225 3016
226 1497
227 1017
228 868
229 3279
230 3344
231 764
232 1828
233 3045
234 671
235 337
236 3605
237 613
238 659
239 971
240 403
241 2023
242 4371
243 285
244 1194
245 197
246 461
247 1373
248 1468
249 3992
250 2670
251 127
252 15
253 4203
254 470
255 3233
256 1909
257 917
258 3688
259 184
260 1523
261 3236
262 1176
263 1984
264 985
265 3833
266 60
267 3489
268 2282
269 3419
270 4523
271 2608
272 3060
273 73
274 1520
275 4332
276 113
277 3948
278 24
279 786
280 121
281 4083
282 3912
283 4137
284 3151
285 4423
286 3206
287 4307
288 3058
289 1228
290 3359
291 4040
292 651
293 4374
294 2662
295 368
296 1221
297 4480
298 2365
299 551
300 3173
301 967
302 1548
303 2269
304 3078
305 1312
306 69
307 153
308 3129
309 4290
310 1517
311 4279
312 2134
313 1039
314 3831
315 2486
316 2290
317 1158
318 4520
319 1438
320 2968
321 347
322 4011
323 2998
324 2313
325 4549
326 419
327 13
328 4448
329 2300
330 3021
331 1375
332 3490
333 2292
334 2045
335 3226
336 2833
337 1143
338 1376
339 1559
340 3564
341 2074
342 4082
343 1532
344 1537
345 4528
346 1777
347 3019
348 2326
349 322
350 4385
351 162
352 3084
353 3285
354 3665
355 4379
356 2367
357 4156
358 3453
359 3001
360 3896
361 501
362 3836
363 3773
364 2352
365 1269
366 1179
367 566
368 3904
369 648
370 2551
371 3300
372 1940
373 3647
374 3457
375 3559
376 190
377 354
378 1727
379 4478
380 2659
381 1958
382 2764
383 3341
384 993
385 945
386 3868
387 4172
388 1308
389 1427
390 2636
391 1571
392 4236
393 1589
394 572
395 4021
396 770
397 3439
398 539
399 248
400 2941
401 2673
402 690
403 3424
404 1560
405 828
406 1700
407 763
408 3780
409 2719
410 845
411 2683
412 3500
413 4500
414 2329
415 2142
416 3958
417 2558
418 3204
419 2627
420 1867
421 2315
422 840
423 784
424 507
425 2299
426 1202
427 3274
428 3561
429 49
430 371
431 3932
432 668
433 2674
434 3636
435 3217
436 2192
437 908
438 4163
439 3804
440 351
441 4531
442 4432
443 4222
444 19
445 3870
446 3218
447 2630
448 2979
449 2553
450 2692
451 3092
452 3637
453 1059
454 487
455 1547
456 2869
457 2194
458 182
459 475
460 2129
461 2935
462 150
463 325
464 1414
465 56
466 847
467 2357
468 3676
469 2746
470 1183
471 4044
472 3449
473 3160
474 395
475 2533
476 3282
477 1247
478 2385
479 4131
480 1629
481 102
482 1104
483 3036
484 4498
485 1000
486 1235
487 4036
488 2436
489 4269
490 3843
491 2030
492 1409
493 3333
494 3148
495 2516
496 665
497 2239
498 4241
499 3184
500	902
501	1213
502	1984
503	39
504	126
505	1876
506	929
507	271
508	606
509	1566
510	408
511	233
512	327
513	1151
514	176
515	257
516	507
517	1997
518	943
519	830
520	1565
521	943
522	881
523	2031
524	1870
525	1779
526	1892
527	736
528	276
529	1669
530	1571
531	1994
532	1200
533	860
534	956
535	1208
536	429
537	1753
538	483
539	36
540	1732
541	927
542	2025
543	1270
544	232
545	108
546	359
547	1639
548	1054
549	1725
550	1922
551	487
552	516
553	1039
554	1598
555	1652
556	263
557	1732
558	1640
559	1013
560	968
561	1112
562	1297
563	1366
564	374
565	1336
566	1178
567	1784
568	141
569	1708
570	126
571	1457
572	1925
573	890
574	217
575	586
576	1827
577	931
578	1777
579	1876
580	1759
581	1615
582	226
583	682
584	789
585	300
586	398
587	497
588	46
589	1476
590	19
591	1892
592	979
593	647
594	1114
595	406
596	362
597	1094
598	523
599	724
600	682
601	1209
602	269
603	1276
604	1609
605	1771
606	1064
607	1172
608	130
609	1166
610	1592
611	1362
612	1357
613	587
614	517
615	1134
616	1559
617	248
618	1351
619	987
620	647
621	1431
622	1608
623	11
624	919
625	1428
626	217
627	981
628	482
629	1561
630	1601
631	871
632	1710
633	1506
634	86
635	1532
636	1755
637	383
638	691
639	1655
640	1454
641	1101
642	1837
643	838
644	943
645	938
646	1260
647	1069
648	1491
649	539
650	438
651	1878
652	1328
653	1033
654	528
655	1453
656	1276
657	1323
658	1787
659	735
660	1244
661	1422
662	461
663	1981
664	1651
665	1468
666	1760
667	1484
668	31
669	1978
670	1866
671	344
672	1325
673	1902
674	1697
675	1674
676	168
677	1429
678	1530
679	613
680	873
681	927
682	14
683	1533
684	627
685	1121
686	1665
687	388
688	1872
689	1879
690	1715
691	799
692	776
693	1997
694	1596
695	1880
696	1960
697	156
698	1728
699	425
700	1493
701	1117
702	795
703	1013
704	1060
705	152
706	371
707	1070
708	559
709	426
710	1020
711	1518
712	524
713	679
714	187
715	1962
716	1764
717	1229
718	464
719	1469
720	1348
721	606
722	907
723	1502
724	1694
725	349
726	1009
727	67
728	505
729	135
730	1439
731	896
732	877
733	66
734	424
735	1851
736	1006
737	1708
738	1548
739	1126
740	1370
741	1767
742	1270
743	1379
744	596
745	285
746	874
747	1267
748	653
749	1960
750	15
751	872
752	842
753	907
754	957
755	1204
756	615
757	308
758	1922
759	2010
760	812
761	868
762	1376
763	1027
764	1521
765	1913
766	892
767	1865
768	745
769	1929
770	1562
771	1460
772	1899
773	1959
774	1875
775	456
776	564
777	1479
778	416
779	276
780	1093
781	1512
782	1261
783	71
784	178
785	973
786	539
787	964
788	1748
789	1127
790	716
791	1541
792	1563
793	1798
794	1672
795	1870
796	1826
797	135
798	1725
799	1231
800	679
801	264
802	553
803	342
804	1934
805	789
806	197
807	391
808	1289
809	1047
810	364
811	420
812	1503
813	1732
814	450
815	1969
816	800
817	298
818	32
819	1030
820	1752
821	811
822	676
823	19
824	966
825	1583
826	1529
827	1349
828	949
829	896
830	1402
831	539
832	565
833	1952
834	1690
835	1222
836	1593
837	1642
838	888
839	1970
840	1430
841	1485
842	90
843	272
844	1515
845	1042
846	21
847	1949
848	808
849	342
850	493
851	2022
852	1889
853	560
854	255
855	1496
856	171
857	927
858	1491
859	1239
860	1924
861	1298
862	821
863	1255
864	390
865	1479
866	476
867	298
868	1720
869	1190
870	1503
871	888
872	1947
873	195
874	21
875	254
876	1449
877	994
878	122
879	1985
880	788
881	646
882	1649
883	1877
884	96
885	1285
886	1628
887	199
888	311
889	1038
890	1221
891	590
892	1991
893	854
894	1670
895	216
896	250
897	718
898	617
899	1539
900	1984
901	2045
902	359
903	1286
904	568
905	414
906	629
907	1735
908	1799
909	2000
910	921
911	1596
912	1847
913	95
914	54
915	737
916	10
917	1114
918	319
919	830
920	1916
921	81
922	1814
923	1839
924	444
925	1027
926	465
927	1004
928	859
929	1164
930	974
931	900
932	517
933	1687
934	461
935	1920
936	235
937	1005
938	540
939	1595
940	524
941	501
942	1995
943	890
944	1438
945	1302
946	1780
947	1181
948	407
949	27
950	1473
951	544
952	1963
953	655
954	572
955	88
956	157
957	357
958	1000
959	655
960	170
961	74
962	1388
963	1871
964	1086
965	662
966	719
967	1098
968	877
969	141
970	1625
971	988
972	1396
973	1452
974	362
975	659
976	901
977	1464
978	1654
979	314
980	1875
981	617
982	675
983	1864
984	1620
985	644
986	515
987	1691
988	713
989	1087
990	901
991	1483
992	1524
993	454
994	1296
995	1227
996	869
997	1863
998  1721
999  5
1000 1358
1001 1880
1002 1762
1003 1035
1004 583
1005 1106
1006 658
1007 403
1008 1175
1009 629
1010 352
1011 1701
1012 1237
1013 1512
1014 171
1015 745
1016 1621
1017 552
1018 330
1019 1145
1020 1765
1021 600
1022 818
1023 1967
1024 1213
1025 1169
1026 617
1027 2023
1028 171
1029 1218
1030 106
1031 634
1032 1186
1033 699
1034 304
1035 572
1036 169
1037 1642
1038 926
1039 1892
1040 1463
1041 994
1042 1832
1043 740
1044 1691
1045 1506
1046 574
1047 278
1048 1687
1049 1887
1050 1445
1051 1268
1052 1703
1053 510
1054 1948
1055 86
1056 847
1057 195
1058 1756
1059 13
1060 962
1061 1277
1062 1254
1063 1436
1064 2006
1065 855
1066 526
1067 963
1068 1936
1069 219
1070 454
1071 395
1072 1298
1073 44
1074 248
1075 524
1076 360
1077 848
1078 1493
1079 1106
1080 1964
1081 1032
1082 1923
1083 1217
1084 1097
1085 1363
1086 1795
1087 374
1088 442
1089 1073
1090 942
1091 1890
1092 1520
1093 469
1094 1198
1095 953
1096 294
1097 462
1098 1532
1099 838
1100 960
1101 687
1102 668
1103 382
1104 1356
1105 1677
1106 96
1107 1078
1108 1229
1109 1087
1110 356
1111 1268
1112 501
1113 1201
1114 888
1115 1805
1116 741
1117 116
1118 584
1119 1882
1120 72
1121 1665
1122 902
1123 794
1124 1642
1125 194
1126 537
1127 396
1128 1323
1129 1919
1130 157
1131 535
1132 333
1133 662
1134 1883
1135 643
1136 534
1137 1668
1138 1605
1139 1112
1140 497
1141 1889
1142 459
1143 127
1144 17
1145 405
1146 1477
1147 916
1148 1301
1149 1946
1150 226
1151 908
1152 927
1153 379
1154 1392
1155 832
1156 891
1157 1411
1158 688
1159 1342
1160 1950
1161 990
1162 192
1163 1561
1164 479
1165 346
1166 1907
1167 1815
1168 613
1169 2004
1170 2013
1171 1101
1172 1079
1173 389
1174 1214
1175 1813
1176 560
1177 255
1178 522
1179 1890
1180 1791
1181 13
1182 1202
1183 1132
1184 1112
1185 1478
1186 58
1187 1493
1188 1447
1189 328
1190 794
1191 2039
1192 732
1193 1641
1194 728
1195 328
1196 1290
1197 290
1198 1661
1199 307
1200 322
1201 1585
1202 1407
1203 1767
1204 1790
1205 199
1206 1237
1207 1123
1208 1608
1209 1595
1210 1105
1211 665
1212 1418
1213 1297
1214 400
1215 1036
1216 755
1217 367
1218 71
1219 1850
1220 832
1221 902
1222 1207
1223 1935
1224 2
1225 1737
1226 890
1227 477
1228  1038
1229 1471
1230 1798
1231 183
1232 865
1233 950
1234 444
1235 1616
1236 1839
1237 954
1238 849
1239 1856
1240 1711
1241 1996
1242 752
1243 1961
1244 1126
1245 1697
1246 33
1247 1496
1248 1315
1249 1529
1250 1407
1251 1874
1252 1334
1253 1951
1254 920
1255 1863
1256 69
1257 1228
1258 309
1259 988
1260 1358
1261 1541
1262 1196
1263 1664
1264 367
1265 1086
1266 1168
1267 419
1268 1042
1269 839
1270 883
1271 515
1272 106
1273 1587
1274 1762
1275 1430
1276 1477
1277 928
1278 1340
1279 1735
1280 1028
1281 240
1282 981
1283 741
1284 1058
1285 1129
1286 585
1287 98
1288 1200
1289 347
1290 474
1291 2042
1292 164
1293 242
1294 719
1295 582
1296 1595
1297 1381
1298 528
1299 193
1300 206
1301 494
1302 802
1303 2011
1304 668
1305 1918
1306 243
1307 1671
1308 797
1309 1072
1310 354
1311 511
1312 1546
1313 65
1314 876
1315 811
1316 1788
1317 1846
1318 1199
1319 36
1320 540
1321 1798
1322 161
1323 1230
1324 183
1325 170
1326 622
1327 201
1328 570
1329 1375
1330 1950
1331 1071
1332 545
1333 361
1334 767
1335 1673
1336 1348
1337 1877
1338 129
1339 1379
1340 463
1341 1376
1342 1141
1343 928
1344686
1345 1987
1346 673
1347 53
1348 948
1349 435
1350 1346
1351 1210
1352 571
1353 388
1354 26
1355 137
1356 261
1357 2038
1358 419
1359 449
1360 1133
1361 1864
1362 1660
1363 74
1364 1644
1365 1949
1366 563
1367 1839
1368 596
1369 678
1370 928
1371 278
1372 1925
1373 715
1374 401
1375 873
1376 1633
1377 1888
1378 1976
1379 1413
1380 1351
1381 1436
1382 271
1383 683
1384 1842
1385 989
1386 784
1387 1331
1388 1599
1389 408
1390 1930
1391 669
1392 1164
1393 120
1394 1889
1395 211
1396 1106
1397 2015
1398 250
1399 1683
1400 268
1401 98
1402 1053
1403 1559
1404 1074
1405 616
1406 1150
1407 722
1408 887
1409 1219
1410 626
1411 357
1412 359
1413 1715
1414 696
1415 1157
1416 13
1417 845
1418 936
1419 1086
1420 1715
1421 584
1422 1081
1423 748
1424 1505
1425 861
1426 953
1427 668
1428 666
1429 753
1430 1002
1431 173
1432 71
1433 1017
1434 700
1435 358
1436 1199
1437 331
1438 1096
1439 517
1440 910
1441 587
1442 948
1443 333
1444 1380
1445 454
1446 251
1447 2008
1448 377
1449 365
1450 247
1451 334
1452 626
1453 934
1454 1807
1455 533
1456 675
1457 1051
1458 1343
1459 1822
1460 240
1461 871
1462 1068
1463 329
1464 259
1465 341
1466 533
1467 1912
1468 564
1469 823
1470 789
1471 524
1472 751
1473 589
1474 495
1475 166
1476 1997
1477 483
1478 1841
1479 1372
1480 672
1481 1843
1482 1979
1483 81
1484 1733
1485 1371
1486 1200
1487 1900
1488 2013
1489 8
1490 1420
1491 1048
1492 1674
1493 1570
1494 1554
1495 1488
1496 256
1497 1145
1498 1073
1499 157
1500 1617
1501 579
1502 1718
1503 1474
1504 1574
1505 40
1506 259
1507 1692
1508 722
1509 206
1510 1294
1511 767
1512 1172
1513 936
1514 1829
1515 628
1516 652
1517 1091
1518 1777
1519 1260
1520 1838
1521 63
1522 1338
1523 213
1524 30
1525 689
1526 657
1527 1327
1528 1570
1529 808
1530 83
1531 676
1532 1255
1533 386
1534 1130
1535 1983
1536 302
1537 1099
1538 1894
1539 1560
1540 1485
1541 997
1542 1569
1543 788
1544 416
1545 1072
1546 1655
1547 446
1548 1895
1549 1047
1550 534
1551 1839
1552 1134
1553 1750
1554 493
1555 952
1556 1364
1557 500
1558 1748
1559 1273
1560 851
1561 588
1562 422
1563 453
1564 375
1565 352
1566 1595
1567 987
1568 750
1569 1325
1570 129
1571 1396
1572 362
1573 338
1574 1098
1575 1594
1576 1661
1577 596
1578 1752
1579 1284
1580 609
1581 1225
1582 927
1583 1648
1584 763
1585 303
1586 866
1587 583
1588 1836
1589 1245
1590 1507
1591 1040
1592 1900
1593 621
1594 1612
1595 638
1596 1421
1597 831
1598 1913
1599 49
1600 278
1601 643
1602 1682
1603 789
1604 824
1605 164
1606 896
1607 595
1608 875
1609 1189
1610 1373
1611 1964
1612 396
1613 535
1614 283
1615 1738
1616 1232
1617 461
1618 1234
1619 1913
1620 1658
1621 735
1622 386
1623 553
1624 1372
1625 2040
1626 519
1627 170
1628 1655
1629 782
1630 284
1631 1810
1632 1730
1633 1354
1634 1117
1635 223
1636 22
1637 1262
1638 709
1639 300
1640 29
1641 62
1642 1281
1643 498
1644 1407
1645 1404
1646 946
1647 1146
1648 1246
1649 449
1650 446
1651 104
1652 1718
1653 106
1654 653
1655 1852
1656 341
1657 433
1658 1613
1659 536
1660 239
1661 770
1662 649
1663 198
1664 167
1665 339
1666 291
1667 1477
1668 1894
1669 58
1670 2005
1671 802
1672 900
1673 1919
1674 1108
1675 1246
1676 1252
1677 1487
1678 690
1679 345
1680 205
1681 500
1682 274
1683 604
1684 1799
1685 716
1686 145
1687 715
1688 1291
1689 49
1690 1380
1691 1578
1692 143
1693 1527
1694 1563
1695 321
1696 849
1697 996
1698 463
1699 1314
1700 1602
1701 1169
1702 159
1703 472
1704 1189
1705 572
1706 203
1707 1645
1708 543
1709 1076
1710 138
1711 1507
1712 1857
1713 154
1714 1726
1715 1234
1716 670
1717 671
1718 545
1719 1600
1720 1549
17211797
1722 1494
1723 1714
1724 528
1725 299
1726 79
1727 899
1728 1695
1729 108
1730 1822
1731 190
1732 1850
1733 2023
1734 927
1735 820
1736 1125
1737 181
1738 1744
1739 456
1740 1405
1741 496
1742 474
1743 2034
1744 191
1745 424
1746 1158
1747 889
1748 1420
1749 1770
1750 1563
1751 890
1752 1359
1753 1634
1754 146
1755 693
1756 327
1757 585
1758 1080
1759 1248
1760 1309
1761 297
1762 1191
1763 67
1764 163
1765 1015
1766 926
1767 1119
1768 1591
1769 1630
1770 1031
1771 1157
1772 284
1773 1786
1774 184
1775 57
1776 657
1777 1516
1778 351
1779 368
1780 1893
1781 1870
1782 801
1783 280
1784 1497
1785 1989
1786 18
1787 130
1788 1927
1789 612
1790 796
1791 523
1792 570
1793 1570
1794 350
1795 939
1796 1864
1797 944
1798 610
1799 1338
1800 1844
1801 1216
1802 2001
1803 986
1804 82
1805 1316
1806 1953
1807 510
1808 1667
1809 974
1810 1988
1811 326
1812 976
1813 1830
1814 1839
1815 1840
1816 1998
1817 622
1818 1931
1819 84
1820 255
1821 2026
1822 1373
1823 393
1824 1147
1825 1755
1826 1694
1827 19
1828 1517
1829 1835
1830 1055
1831 1146
1832 810
1833 45
1834 364
1835 1504
1836 524
1837 268
1838 34
1839 203
1840 1623
1841 674
1842 888
1843 1329
1844 22
1845 1306
1846 473
1847 328
1848 906
1849 967
1850 1580
1851 1035
1852 1332
1853 1524
1854 1421
1855 990
1856 297
1857 381
1858 86
1859 1959
1860 601
1861 2002
1862 902
1863 1110
1864 26
1865 701
1866 914
1867 543
1868 1625
1869 142
1870 1449
1871 1008
1872 1771
18732029
1874 1636
1875 1434
1876 1984
1877 170
1878 1967
1879 984
1880 1894
1881 1575
1882 1368
1883 1594
1884 1562
1885 1692
1886 979
1887 797
1888 790
1889 974
1890 789
1891 1334
1892 1967
1893 755
1894 16
1895 1306
1896 1105
1897 1596
1898 244
1899 1820
1900 768
1901 1124
1902 275
1903 328
1904 754
1905 1820
1906 85
1907 832
1908 817
1909 1716
1910 877
1911 761
1912 105
1913 1284
1914 1665
1915 949
1916 10
1917 235
1918 5
1919 948
1920 249
1921 368
1922 1869
1923 1194
1924 1658
1925 116
1926 467
1927 1839
1928 1585
1929 770
1930 1178
1931 1241
1932 826
1933 210
1934 1262
1935 613
1936 1869
1937 388
1938 313
1939 171
1940 1460
1941 593
1942 244
1943 702
1944 1760
1945 1971
1946 978
1947 1793
1948 1204
1949 1623
1950 1494
1951 1177
1952 229
1953 1299
1954 1460
1955 12
1956 1317
1957 850
1958 603
1959 1887
1960 397
1961 1008
1962 389
1963 752
1964 1477
1965 698
1966 845
1967 890
1968 1958
1969 1785
1970 695
1971 517
1972 1505
1973 1951
1974 1353
1975 94
1976 233
1977 1172
1978 2010
1979 953
1980 1087
1981 1997
1982 328
1983 329
1984 1382
1985 1206
1986 823
1987 1053
1988 1443
1989 821
1990 1004
1991 159
1992 760
1993 442
1994 866
1995 273
1996 769
1997 1077
1998 1296
1999 1282
2000 388
2001 815
2002 1714
2003 2010
2004 770
2005 259
2006 10
2007 1971
2008 35
2009 57
2010 1360
2011 1687
2012 624
2013 1368
2014 371
2015 1702
2016 2039
2017 978
2018 1904
2019 471
2020 167
2021 1781
2022 63
2023 148
2024 296
2025 120
2026 1339
2027 482
2028 1012
2029 897
2030 279
2031 971
2032 704
2033 1449
2034 923
2035 802
2036 1420
2037 165
2038 763
2039 1600
2040 156
2041 73
2042 62
2043 1359
2044 1074
2045 975
